194
792
178
931
3
482
268
373
116
931
262
345
585
604
221
918
31
427
577
600
480
930
100
662
105
467
535
679
825
564
494
590
706
952
797
257
503
935
756
177
236
287
53
755
617
26
767
281
309
40
747
565
465
730
98
989
683
541
683
588
604
514
645
684
615
729
777
455
727
854
90
834
551
830
394
60
444
97
798
237
303
662
2
288
213
736
982
763
121
653
126
66
975
241
241
807
335
870
811
112
268
936
825
992
461
645
72
12
875
568
200
848
943
590
62
516
254
548
802
488
926
95
914
152
334
26
28
534
749
609
487
582
413
263
866
778
28
258
501
278
228
973
699
364
527
658
763
440
474
591
202
468
197
936
468
258
291
657
361
737
73
325
800
911
528
742
9
1
907
860
292
920
800
628
460
1
721
17
697
752
639
673
84
131
687
351
293
781
255
544
931
476
979
449
909
4
721
788
740
611
520
767
76
132
573
889
947
949
795
169
91
933
167
802
522
619
102
230
914
962
273
107
745
139
957
623
146
59
731
266
261
394
499
149
571
230
179
644
16
642
116
246
950
807
160
250
924
604
664
15
72
997
116
394
354
837
942
103
278
227
86
684
793
932
354
996
908
883
113
68
279
275
901
546
426
336
670
865
454
380
909
798
179
396
616
959
326
39
173
421
9
543
495
620
107
808
413
333
198
595
191
626
697
569
194
309
467
674
225
633
691
182
747
660
6
599
250
988
981
471
320
290
748
98
503
423
320
57
998
703
359
451
264
321
437
789
126
759
692
453
611
495
546
772
769
274
633
827
987
675
357
254
842
761
606
459
386
141
931
873
854
870
182
90
182
194
974
8
396
376
525
341
885
408
431
261
799
748
641
198
359
850
453
295
613
629
667
343
303
719
111
558
836
801
654
952
2
81
442
629
19
436
582
839
656
660
665
196
702
711
565
90
814
851
692
931
791
93
488
543
698
427
250
734
833
882
530
750
453
607
239
144
320
791
303
321
611
431
149
886
439
670
586
746
289
653
658
817
927
665
863
94
941
560
737
789
954
386
152
220
647
438
878
159
175
896
837
342
284
610
273
977
372
596
478
133
60
243
67
72
343
320
829
704
235
367
4
587
955
194
526
96
38
789
87
654
505
98
173
179
84
855
87
285
822
773
804
61
819
246
3
670
747
908
925
420
768
243
822
418
920
767
635
350
641
164
170
502
17
169
529
631
572
910
712
880
871
892
364
536
12
801
385
74
97
813
701
556
98
169
830
207
194
360
16
674
486
368
600
236
205
80
979
68
976
163
6
402
419
392
888
371
434
687
703
139
728
856
480
861
822
400
334
963
563
499
582
217
335
750
874
66
582
41
342
727
974
467
484
654
495
63
987
49
54
698
992
247
708
455
360
946
457
398
343
484
682
695
690
575
641
705
621
143
181
780
313
260
718
198
471
421
804
882
343
834
113
271
57
700
467
31
480
955
604
31
862
315
758
415
460
16
763
431
947
79
295
75
850
533
103
570
532
557
536
110
162
124
452
363
960
359
663
668
523
487
337
1
424
949
481
305
356
977
424
922
43
711
472
540
804
673
298
197
124
306
424
644
867
72
106
570
734
542
293
12
480
774
859
540
894
277
203
655
997
790
428
224
35
118
756
649
804
367
515
912
522
889
49
600
41
440
136
512
370
157
71
440
653
93
399
342
495
305
371
121
232
671
617
936
88
891
182
27
392
408
35
820
976
325
394
166
632
709
719
452
45
103
40
459
919
451
360
758
106
91
204
698
464
958
83
957
756
643
518
981
407
495
485
624
126
521
649
695
389
441
480
178
595
904
442
365
236
502
722
229
802
965
629
932
218
592
638
490
586
782
259
273
617
277
358
179
676
588
268
46
568
892
88
122
240
604
835
151
403
718
688
980
637
971
456
395
963
855
512
294
972
525
872
165
602
657
793
310
298
430
276
186
869
865
84
745
572
908
463
666
67
815
583
952
696
576
811
407
181
353
328
183
256
163
280
694
892
334
591
876
805
571
824
27
641
829
973
150
773
573
874
16
985
426
9
996
372
629
820
999
698
254
307
779
81
580
621
203
346
604
499
76
561
229
991
526
320
272
555
975
95
52
786
230
528
22
238
306
917
555
532
137
239
773
732
506
993
19
225
129
791
407
730
25
147
653
844
27
134
318
523
501
592
384
207
160
446
87
865
117
223
818
107
193
265
905
657
854
293
100
870
30
898
624
735
558
282
696
744
857
42
581
288
43
89
332
804
641
871
538
705
632
871
617
